EXEC_MODE: REAL

Robot_ip: 172.16.0.2

Zero_Pos: [ 0, -0.785398, 0, -2.35619, 0, 1.5708, 0.785398 ]
