EXEC_MODE: REAL

Robot_ip: 172.16.0.2

Zero_Pos: [ 0, -0.785398, 0, -2.35619, 0, 1.5708, 0.785398 ]

Desired_Pos: [ -0.41476, -0.0638747, 0.162042, -1.28923, -0.000965669, 1.97759, 0.725554 ]
