Sampling_Time: 5 # unit: ms
End_Time: 60 # unit: s

Kp: [ 200.0, 200.0, 200.0, 200.0, 200.0, 200.0, 200.0 ]
Kd: [ 10.0, 10.0, 10.0, 10.0, 10.0, 10.0, 10.0 ]
Coriolis_Compensation: true

Desired_Pos: [ -0.426648, -0.00939473, 0.157184, -1.58387, -0.00105652, 1.96454, 1.04132 ]

Amplitude: [ 0.1, 0.1, 0.1, 0.1, 0.1, 0.1, 0.1 ]
Omega: [ 5, 5, 5, 5, 5, 5, 5 ]
