Sampling_Time: 5 # unit: ms
End_Time: 60 # unit: s

Kp: [ 600.0, 600.0, 600.0, 600.0, 250.0, 150.0, 50.0 ]
Kd: [ 50.0, 50.0, 50.0, 50.0, 30.0, 25.0, 15.0 ]

Desired_Pos: [ -0.426648, -0.00939473, 0.157184, -1.58387, -0.00105652, 1.96454, 1.04132 ]

Amplitude: [ 0.1, 0.1, 0.1, 0.1, 0.1, 0.1, 0.1 ]
Omega: [ 5, 5, 5, 5, 5, 5, 5 ]
